[NEAT-POPULATION]
[NEAT-POPULATION:CONFIG]
cycles=4
neatAct=ActivationSteepenedSigmoid
inputCount=9
outputCount=3
cycles=4
populationSize=10
survivalRate=0.2
[NEAT-POPULATION:INNOVATIONS]
"ns:8:11",44,14
"l:3:2",25,-1
"l:4:1",27,-1
"l:5:0",29,-1
"l:2:2",22,-1
"l:3:1",24,-1
"l:4:0",26,-1
"l:5:2",31,-1
"l:6:1",33,-1
"l:7:0",35,-1
"l:4:2",28,-1
"l:5:1",30,-1
"l:6:0",32,-1
"l:0:1",15,-1
"l:1:0",17,-1
"l:0:0",14,-1
"l:1:2",19,-1
"l:2:1",21,-1
"l:3:0",23,-1
"l:0:2",16,-1
"l:1:1",18,-1
"l:2:0",20,-1
"n:10",10,10
"n:13",13,13
"n:11",11,11
"n:12",12,12
"n:1",1,1
"l:8:14",45,-1
"n:3",3,3
"n:2",2,2
"n:5",5,5
"n:4",4,4
"n:7",7,7
"n:6",6,6
"n:9",9,9
"l:7:2",37,-1
"l:8:1",39,-1
"l:9:0",41,-1
"l:14:11",46,-1
"n:8",8,8
"l:6:2",34,-1
"l:7:1",36,-1
"l:8:0",38,-1
"l:9:2",43,-1
"l:8:2",40,-1
"l:9:1",42,-1
[NEAT-POPULATION:SPECIES]
"s",9,0.1216348087,0
"g",0.1216348087,0.1216348087,10
"n",9,"ActivationSteepenedSigmoid","b",0
"n",0,"ActivationSteepenedSigmoid","i",1
"n",1,"ActivationSteepenedSigmoid","i",2
"n",2,"ActivationSteepenedSigmoid","i",3
"n",3,"ActivationSteepenedSigmoid","i",4
"n",4,"ActivationSteepenedSigmoid","i",5
"n",5,"ActivationSteepenedSigmoid","i",6
"n",6,"ActivationSteepenedSigmoid","i",7
"n",7,"ActivationSteepenedSigmoid","i",8
"n",8,"ActivationSteepenedSigmoid","i",9
"n",10,"ActivationSteepenedSigmoid","o",10
"n",11,"ActivationSteepenedSigmoid","o",11
"n",12,"ActivationSteepenedSigmoid","o",12
"l",-1,1,9,10,-2.8794097974,13
"l",-1,1,9,11,-4.8795637137,14
"l",-1,1,9,12,0.3260841378,15
"l",-1,1,0,10,-4.4698203541,16
"l",-1,1,0,11,-3.4700479811,17
"l",-1,1,0,12,-5,18
"l",-1,1,1,10,4.2521609074,19
"l",-1,1,1,11,-2.9863833985,20
"l",-1,1,1,12,-3.2703817851,21
"l",-1,1,2,10,-3.4008090287,22
"l",-1,1,2,11,3.9643259628,23
"l",-1,1,2,12,-1.7412719005,24
"l",-1,1,3,10,3.2898083804,25
"l",-1,1,3,11,-1.9203655737,26
"l",-1,1,3,12,-4.4723373397,27
"l",-1,1,4,10,-3.7783055142,28
"l",-1,1,4,11,2.0951421442,29
"l",-1,1,4,12,-3.4513508665,30
"l",-1,1,5,10,-1.7070796906,31
"l",-1,1,5,11,-1.6020561814,32
"l",-1,1,5,12,1.5549039665,33
"l",-1,1,6,10,-5,34
"l",-1,1,6,11,1.8807387148,35
"l",-1,1,6,12,1.2514146493,36
"l",-1,1,7,10,3.2098063871,37
"l",-1,1,7,11,4.8082105188,38
"l",-1,1,7,12,-0.2989090789,39
"l",-1,1,8,10,0.6474611048,40
"l",-1,1,8,11,-4.7224814778,41
"l",-1,1,8,12,-0.2290069576,42
"g",0.1216464996,0.1216464996,9
"n",9,"ActivationSteepenedSigmoid","b",0
"n",0,"ActivationSteepenedSigmoid","i",1
"n",1,"ActivationSteepenedSigmoid","i",2
"n",2,"ActivationSteepenedSigmoid","i",3
"n",3,"ActivationSteepenedSigmoid","i",4
"n",4,"ActivationSteepenedSigmoid","i",5
"n",5,"ActivationSteepenedSigmoid","i",6
"n",6,"ActivationSteepenedSigmoid","i",7
"n",7,"ActivationSteepenedSigmoid","i",8
"n",8,"ActivationSteepenedSigmoid","i",9
"n",10,"ActivationSteepenedSigmoid","o",10
"n",11,"ActivationSteepenedSigmoid","o",11
"n",12,"ActivationSteepenedSigmoid","o",12
"l",-1,1,9,10,-2.8794097974,13
"l",-1,1,9,11,-4.8795637137,14
"l",-1,1,9,12,0.3260841378,15
"l",-1,1,0,10,-4.4698203541,16
"l",-1,1,0,11,-3.4700479811,17
"l",-1,1,0,12,-5,18
"l",-1,1,1,10,4.2521609074,19
"l",-1,1,1,11,-3.4082774493,20
"l",-1,1,1,12,-3.2703817851,21
"l",-1,1,2,10,-3.4008090287,22
"l",-1,1,2,11,3.9643259628,23
"l",-1,1,2,12,-1.7412719005,24
"l",-1,1,3,10,3.2898083804,25
"l",-1,1,3,11,-1.9203655737,26
"l",-1,1,3,12,-4.4723373397,27
"l",-1,1,4,10,-3.7783055142,28
"l",-1,1,4,11,2.0951421442,29
"l",-1,1,4,12,-3.4513508665,30
"l",-1,1,5,10,-1.7070796906,31
"l",-1,1,5,11,-1.6020561814,32
"l",-1,1,5,12,1.4233173006,33
"l",-1,1,6,10,-4.3037885144,34
"l",-1,1,6,11,1.8807387148,35
"l",-1,1,6,12,1.2514146493,36
"l",-1,1,7,10,3.2098063871,37
"l",-1,1,7,11,4.8082105188,38
"l",-1,1,7,12,-0.3015575091,39
"l",-1,1,8,10,0.491139449,40
"l",-1,1,8,11,-4.7224814778,41
"l",-1,1,8,12,-0.2290069576,42
"g",0.1216464996,0.1216464996,10
"n",9,"ActivationSteepenedSigmoid","b",0
"n",0,"ActivationSteepenedSigmoid","i",1
"n",1,"ActivationSteepenedSigmoid","i",2
"n",2,"ActivationSteepenedSigmoid","i",3
"n",3,"ActivationSteepenedSigmoid","i",4
"n",4,"ActivationSteepenedSigmoid","i",5
"n",5,"ActivationSteepenedSigmoid","i",6
"n",6,"ActivationSteepenedSigmoid","i",7
"n",7,"ActivationSteepenedSigmoid","i",8
"n",8,"ActivationSteepenedSigmoid","i",9
"n",10,"ActivationSteepenedSigmoid","o",10
"n",11,"ActivationSteepenedSigmoid","o",11
"n",12,"ActivationSteepenedSigmoid","o",12
"l",-1,1,9,10,-2.8794097974,13
"l",-1,1,9,11,-4.8795637137,14
"l",-1,1,9,12,0.3260841378,15
"l",-1,1,0,10,-4.4698203541,16
"l",-1,1,0,11,-3.4700479811,17
"l",-1,1,0,12,-5,18
"l",-1,1,1,10,4.2521609074,19
"l",-1,1,1,11,-3.4082774493,20
"l",-1,1,1,12,-3.2703817851,21
"l",-1,1,2,10,-3.4008090287,22
"l",-1,1,2,11,3.9643259628,23
"l",-1,1,2,12,-1.7412719005,24
"l",-1,1,3,10,3.2898083804,25
"l",-1,1,3,11,-1.9203655737,26
"l",-1,1,3,12,-4.4723373397,27
"l",-1,1,4,10,-3.7783055142,28
"l",-1,1,4,11,2.0951421442,29
"l",-1,1,4,12,-3.4513508665,30
"l",-1,1,5,10,-1.7070796906,31
"l",-1,1,5,11,-1.6020561814,32
"l",-1,1,5,12,1.4233173006,33
"l",-1,1,6,10,-4.3037885144,34
"l",-1,1,6,11,1.8807387148,35
"l",-1,1,6,12,1.2514146493,36
"l",-1,1,7,10,3.2098063871,37
"l",-1,1,7,11,4.8082105188,38
"l",-1,1,7,12,-0.2989090789,39
"l",-1,1,8,10,0.491139449,40
"l",-1,1,8,11,-4.7224814778,41
"l",-1,1,8,12,-0.2290069576,42
"g",0.1216472334,0.1216472334,10
"n",9,"ActivationSteepenedSigmoid","b",0
"n",0,"ActivationSteepenedSigmoid","i",1
"n",1,"ActivationSteepenedSigmoid","i",2
"n",2,"ActivationSteepenedSigmoid","i",3
"n",3,"ActivationSteepenedSigmoid","i",4
"n",4,"ActivationSteepenedSigmoid","i",5
"n",5,"ActivationSteepenedSigmoid","i",6
"n",6,"ActivationSteepenedSigmoid","i",7
"n",7,"ActivationSteepenedSigmoid","i",8
"n",8,"ActivationSteepenedSigmoid","i",9
"n",10,"ActivationSteepenedSigmoid","o",10
"n",11,"ActivationSteepenedSigmoid","o",11
"n",12,"ActivationSteepenedSigmoid","o",12
"l",-1,1,9,10,-2.8794097974,13
"l",-1,1,9,11,-4.8795637137,14
"l",-1,1,9,12,0.3260841378,15
"l",-1,1,0,10,-4.4698203541,16
"l",-1,1,0,11,-3.4700479811,17
"l",-1,1,0,12,-5,18
"l",-1,1,1,10,4.2521609074,19
"l",-1,1,1,11,-3.4082774493,20
"l",-1,1,1,12,-3.2703817851,21
"l",-1,1,2,10,-3.4008090287,22
"l",-1,1,2,11,3.9643259628,23
"l",-1,1,2,12,-1.7412719005,24
"l",-1,1,3,10,3.2898083804,25
"l",-1,1,3,11,-1.9203655737,26
"l",-1,1,3,12,-4.4723373397,27
"l",-1,1,4,10,-3.7783055142,28
"l",-1,1,4,11,2.0951421442,29
"l",-1,1,4,12,-3.4513508665,30
"l",-1,1,5,10,-1.7070796906,31
"l",-1,1,5,11,-1.5986153701,32
"l",-1,1,5,12,1.4233173006,33
"l",-1,1,6,10,-5,34
"l",-1,1,6,11,1.8807387148,35
"l",-1,1,6,12,1.2514146493,36
"l",-1,1,7,10,3.2098063871,37
"l",-1,1,7,11,4.8082105188,38
"l",-1,1,7,12,-0.3015575091,39
"l",-1,1,8,10,0.491139449,40
"l",-1,1,8,11,-4.7224814778,41
"l",-1,1,8,12,-0.2290069576,42
"g",0.1216472334,0.1216472334,10
"n",9,"ActivationSteepenedSigmoid","b",0
"n",0,"ActivationSteepenedSigmoid","i",1
"n",1,"ActivationSteepenedSigmoid","i",2
"n",2,"ActivationSteepenedSigmoid","i",3
"n",3,"ActivationSteepenedSigmoid","i",4
"n",4,"ActivationSteepenedSigmoid","i",5
"n",5,"ActivationSteepenedSigmoid","i",6
"n",6,"ActivationSteepenedSigmoid","i",7
"n",7,"ActivationSteepenedSigmoid","i",8
"n",8,"ActivationSteepenedSigmoid","i",9
"n",10,"ActivationSteepenedSigmoid","o",10
"n",11,"ActivationSteepenedSigmoid","o",11
"n",12,"ActivationSteepenedSigmoid","o",12
"l",-1,1,9,10,-2.8794097974,13
"l",-1,1,9,11,-4.8795637137,14
"l",-1,1,9,12,0.3260841378,15
"l",-1,1,0,10,-4.4698203541,16
"l",-1,1,0,11,-3.4700479811,17
"l",-1,1,0,12,-5,18
"l",-1,1,1,10,4.2521609074,19
"l",-1,1,1,11,-3.4082774493,20
"l",-1,1,1,12,-3.2703817851,21
"l",-1,1,2,10,-3.4008090287,22
"l",-1,1,2,11,3.9643259628,23
"l",-1,1,2,12,-1.7412719005,24
"l",-1,1,3,10,3.2898083804,25
"l",-1,1,3,11,-1.9203655737,26
"l",-1,1,3,12,-4.4723373397,27
"l",-1,1,4,10,-3.7783055142,28
"l",-1,1,4,11,2.0951421442,29
"l",-1,1,4,12,-3.4513508665,30
"l",-1,1,5,10,-1.7070796906,31
"l",-1,1,5,11,-1.5986153701,32
"l",-1,1,5,12,1.4233173006,33
"l",-1,1,6,10,-5,34
"l",-1,1,6,11,1.8807387148,35
"l",-1,1,6,12,1.2514146493,36
"l",-1,1,7,10,3.2098063871,37
"l",-1,1,7,11,4.8082105188,38
"l",-1,1,7,12,-0.3015575091,39
"l",-1,1,8,10,0.491139449,40
"l",-1,1,8,11,-4.7224814778,41
"l",-1,1,8,12,-0.2290069576,42
"g",0.1216472334,0.1216472334,9
"n",9,"ActivationSteepenedSigmoid","b",0
"n",0,"ActivationSteepenedSigmoid","i",1
"n",1,"ActivationSteepenedSigmoid","i",2
"n",2,"ActivationSteepenedSigmoid","i",3
"n",3,"ActivationSteepenedSigmoid","i",4
"n",4,"ActivationSteepenedSigmoid","i",5
"n",5,"ActivationSteepenedSigmoid","i",6
"n",6,"ActivationSteepenedSigmoid","i",7
"n",7,"ActivationSteepenedSigmoid","i",8
"n",8,"ActivationSteepenedSigmoid","i",9
"n",10,"ActivationSteepenedSigmoid","o",10
"n",11,"ActivationSteepenedSigmoid","o",11
"n",12,"ActivationSteepenedSigmoid","o",12
"l",-1,1,9,10,-2.8794097974,13
"l",-1,1,9,11,-4.8795637137,14
"l",-1,1,9,12,0.3260841378,15
"l",-1,1,0,10,-4.4698203541,16
"l",-1,1,0,11,-3.4700479811,17
"l",-1,1,0,12,-5,18
"l",-1,1,1,10,4.2521609074,19
"l",-1,1,1,11,-3.4082774493,20
"l",-1,1,1,12,-3.2703817851,21
"l",-1,1,2,10,-3.4008090287,22
"l",-1,1,2,11,3.9643259628,23
"l",-1,1,2,12,-1.7412719005,24
"l",-1,1,3,10,3.2898083804,25
"l",-1,1,3,11,-1.9203655737,26
"l",-1,1,3,12,-4.4723373397,27
"l",-1,1,4,10,-3.7783055142,28
"l",-1,1,4,11,2.0951421442,29
"l",-1,1,4,12,-3.4513508665,30
"l",-1,1,5,10,-1.7070796906,31
"l",-1,1,5,11,-1.5986153701,32
"l",-1,1,5,12,1.4233173006,33
"l",-1,1,6,10,-5,34
"l",-1,1,6,11,1.8807387148,35
"l",-1,1,6,12,1.2514146493,36
"l",-1,1,7,10,3.2098063871,37
"l",-1,1,7,11,4.8082105188,38
"l",-1,1,7,12,-0.3015575091,39
"l",-1,1,8,10,0.491139449,40
"l",-1,1,8,11,-4.7224814778,41
"l",-1,1,8,12,-0.2290069576,42
"g",0.1216472334,0.1216472334,10
"n",9,"ActivationSteepenedSigmoid","b",0
"n",0,"ActivationSteepenedSigmoid","i",1
"n",1,"ActivationSteepenedSigmoid","i",2
"n",2,"ActivationSteepenedSigmoid","i",3
"n",3,"ActivationSteepenedSigmoid","i",4
"n",4,"ActivationSteepenedSigmoid","i",5
"n",5,"ActivationSteepenedSigmoid","i",6
"n",6,"ActivationSteepenedSigmoid","i",7
"n",7,"ActivationSteepenedSigmoid","i",8
"n",8,"ActivationSteepenedSigmoid","i",9
"n",10,"ActivationSteepenedSigmoid","o",10
"n",11,"ActivationSteepenedSigmoid","o",11
"n",12,"ActivationSteepenedSigmoid","o",12
"l",-1,1,9,10,-2.8794097974,13
"l",-1,1,9,11,-4.8795637137,14
"l",-1,1,9,12,0.3260841378,15
"l",-1,1,0,10,-4.4698203541,16
"l",-1,1,0,11,-3.4700479811,17
"l",-1,1,0,12,-5,18
"l",-1,1,1,10,4.2521609074,19
"l",-1,1,1,11,-3.4082774493,20
"l",-1,1,1,12,-3.2703817851,21
"l",-1,1,2,10,-3.4008090287,22
"l",-1,1,2,11,3.9643259628,23
"l",-1,1,2,12,-1.7412719005,24
"l",-1,1,3,10,3.2898083804,25
"l",-1,1,3,11,-1.9203655737,26
"l",-1,1,3,12,-4.4723373397,27
"l",-1,1,4,10,-3.7783055142,28
"l",-1,1,4,11,2.0951421442,29
"l",-1,1,4,12,-3.4513508665,30
"l",-1,1,5,10,-1.7070796906,31
"l",-1,1,5,11,-1.5986153701,32
"l",-1,1,5,12,1.427342897,33
"l",-1,1,6,10,-5,34
"l",-1,1,6,11,1.8807387148,35
"l",-1,1,6,12,1.2514146493,36
"l",-1,1,7,10,3.2098063871,37
"l",-1,1,7,11,4.804800359,38
"l",-1,1,7,12,-0.3015575091,39
"l",-1,1,8,10,0.491139449,40
"l",-1,1,8,11,-4.7224814778,41
"l",-1,1,8,12,-0.2290069576,42
"g",0.1216472334,0.1216472334,10
"n",9,"ActivationSteepenedSigmoid","b",0
"n",0,"ActivationSteepenedSigmoid","i",1
"n",1,"ActivationSteepenedSigmoid","i",2
"n",2,"ActivationSteepenedSigmoid","i",3
"n",3,"ActivationSteepenedSigmoid","i",4
"n",4,"ActivationSteepenedSigmoid","i",5
"n",5,"ActivationSteepenedSigmoid","i",6
"n",6,"ActivationSteepenedSigmoid","i",7
"n",7,"ActivationSteepenedSigmoid","i",8
"n",8,"ActivationSteepenedSigmoid","i",9
"n",10,"ActivationSteepenedSigmoid","o",10
"n",11,"ActivationSteepenedSigmoid","o",11
"n",12,"ActivationSteepenedSigmoid","o",12
"l",-1,1,9,10,-2.8794097974,13
"l",-1,1,9,11,-4.8795637137,14
"l",-1,1,9,12,0.3260841378,15
"l",-1,1,0,10,-4.4698203541,16
"l",-1,1,0,11,-3.4700479811,17
"l",-1,1,0,12,-5,18
"l",-1,1,1,10,4.2521609074,19
"l",-1,1,1,11,-3.4082774493,20
"l",-1,1,1,12,-3.2703817851,21
"l",-1,1,2,10,-3.4008090287,22
"l",-1,1,2,11,3.9643259628,23
"l",-1,1,2,12,-1.7412719005,24
"l",-1,1,3,10,3.2898083804,25
"l",-1,1,3,11,-1.9203655737,26
"l",-1,1,3,12,-4.4723373397,27
"l",-1,1,4,10,-3.7783055142,28
"l",-1,1,4,11,2.0951421442,29
"l",-1,1,4,12,-3.4513508665,30
"l",-1,1,5,10,-1.7070796906,31
"l",-1,1,5,11,-1.6020561814,32
"l",-1,1,5,12,1.4233173006,33
"l",-1,1,6,10,-5,34
"l",-1,1,6,11,1.8807387148,35
"l",-1,1,6,12,1.2514146493,36
"l",-1,1,7,10,3.2098063871,37
"l",-1,1,7,11,4.8082105188,38
"l",-1,1,7,12,-0.2989090789,39
"l",-1,1,8,10,0.491139449,40
"l",-1,1,8,11,-4.7224814778,41
"l",-1,1,8,12,-0.2290069576,42
"g",0.1216472334,0.1216472334,9
"n",9,"ActivationSteepenedSigmoid","b",0
"n",0,"ActivationSteepenedSigmoid","i",1
"n",1,"ActivationSteepenedSigmoid","i",2
"n",2,"ActivationSteepenedSigmoid","i",3
"n",3,"ActivationSteepenedSigmoid","i",4
"n",4,"ActivationSteepenedSigmoid","i",5
"n",5,"ActivationSteepenedSigmoid","i",6
"n",6,"ActivationSteepenedSigmoid","i",7
"n",7,"ActivationSteepenedSigmoid","i",8
"n",8,"ActivationSteepenedSigmoid","i",9
"n",10,"ActivationSteepenedSigmoid","o",10
"n",11,"ActivationSteepenedSigmoid","o",11
"n",12,"ActivationSteepenedSigmoid","o",12
"l",-1,1,9,10,-2.8794097974,13
"l",-1,1,9,11,-4.8795637137,14
"l",-1,1,9,12,0.3260841378,15
"l",-1,1,0,10,-4.4698203541,16
"l",-1,1,0,11,-3.4700479811,17
"l",-1,1,0,12,-5,18
"l",-1,1,1,10,4.2521609074,19
"l",-1,1,1,11,-3.4082774493,20
"l",-1,1,1,12,-3.2703817851,21
"l",-1,1,2,10,-3.4008090287,22
"l",-1,1,2,11,3.9643259628,23
"l",-1,1,2,12,-1.7412719005,24
"l",-1,1,3,10,3.2898083804,25
"l",-1,1,3,11,-1.9203655737,26
"l",-1,1,3,12,-4.4723373397,27
"l",-1,1,4,10,-3.7783055142,28
"l",-1,1,4,11,2.0951421442,29
"l",-1,1,4,12,-3.4513508665,30
"l",-1,1,5,10,-1.7070796906,31
"l",-1,1,5,11,-1.6020561814,32
"l",-1,1,5,12,1.4233173006,33
"l",-1,1,6,10,-5,34
"l",-1,1,6,11,1.8807387148,35
"l",-1,1,6,12,1.2514146493,36
"l",-1,1,7,10,3.2098063871,37
"l",-1,1,7,11,4.8082105188,38
"l",-1,1,7,12,-0.2989090789,39
"l",-1,1,8,10,0.491139449,40
"l",-1,1,8,11,-4.7224814778,41
"l",-1,1,8,12,-0.2290069576,42
"g",0.1216604981,0.1216604981,10
"n",9,"ActivationSteepenedSigmoid","b",0
"n",0,"ActivationSteepenedSigmoid","i",1
"n",1,"ActivationSteepenedSigmoid","i",2
"n",2,"ActivationSteepenedSigmoid","i",3
"n",3,"ActivationSteepenedSigmoid","i",4
"n",4,"ActivationSteepenedSigmoid","i",5
"n",5,"ActivationSteepenedSigmoid","i",6
"n",6,"ActivationSteepenedSigmoid","i",7
"n",7,"ActivationSteepenedSigmoid","i",8
"n",8,"ActivationSteepenedSigmoid","i",9
"n",10,"ActivationSteepenedSigmoid","o",10
"n",11,"ActivationSteepenedSigmoid","o",11
"n",12,"ActivationSteepenedSigmoid","o",12
"l",-1,1,9,10,-2.9521823734,13
"l",-1,1,9,11,-4.8795637137,14
"l",-1,1,9,12,0.3260841378,15
"l",-1,1,0,10,-4.4698203541,16
"l",-1,1,0,11,-3.4700479811,17
"l",-1,1,0,12,-5,18
"l",-1,1,1,10,4.2521609074,19
"l",-1,1,1,11,-3.4082774493,20
"l",-1,1,1,12,-3.2703817851,21
"l",-1,1,2,10,-3.4008090287,22
"l",-1,1,2,11,3.9643259628,23
"l",-1,1,2,12,-1.7412719005,24
"l",-1,1,3,10,3.2898083804,25
"l",-1,1,3,11,-1.6928506224,26
"l",-1,1,3,12,-3.3306000597,27
"l",-1,1,4,10,-3.7783055142,28
"l",-1,1,4,11,2.0951421442,29
"l",-1,1,4,12,-3.4513508665,30
"l",-1,1,5,10,-1.7070796906,31
"l",-1,1,5,11,-1.5986153701,32
"l",-1,1,5,12,1.4233173006,33
"l",-1,1,6,10,-5,34
"l",-1,1,6,11,1.8807387148,35
"l",-1,1,6,12,1.2514146493,36
"l",-1,1,7,10,3.2098063871,37
"l",-1,1,7,11,4.8082105188,38
"l",-1,1,7,12,-0.3015575091,39
"l",-1,1,8,10,0.491139449,40
"l",-1,1,8,11,-4.7224814778,41
"l",-1,1,8,12,-0.2290069576,42
